0
6
616
602
580
555
567
565
522
524
555
559
537
536
528
775
735
965
977
967
942
948
950
948
946
956
972
978
979
981
1018
1017
1018
1054
1044
1043
1653
1625
1627
1614
1598
1597
1585
1560
1562
1564
1560
1562
1570
1558
1576
1566
1541
1510
1491
1460
1497
1528
1529
1541
1557
1520
1507
1519
909
897
875
863
906
881
862
856
860
848
838
840
854
853
863
862
864
839
817
798
790
792
823
825
847
1054
1076
1054
1278
1268
1269
1294
1281
1297
1298
1288
1276
1254
1273
1883
1884
1880
1910
1888
1886
1858
1848
1836
1870
1864
1877
1858
2468
2487
2509
2490
2491
2536
2537
2543
2549
2561
2636
2642
2638
2634
2644
2658
2633
2611
2627
2017
1989
1997
1998
2008
2010
2055
2083
2085
2086
2085
2083
2089
2114
2148
2144
2114
2106
2094
2316
2318
2314
1704
1734
1728
1729
1741
1735
1713
1741
1763
1755
1930
1936
1935
1923
1957
1951
1941
1913
1921
1922
1921
1909
1905
1913
1931
1953
1937
1927
1905
1880
2261
2227
2202
2208
2196
2202
2180
2199
1589
1573
1565
1553
1541
1507
1476
1439
1411
1415
1399
1374
1349
1329
1343
1344
1338
1340
1279
1275
1277
1278
1266
1258
1246
1528
2138
2151
2084
2085
2095
2076
2068
2081
2047
2125
2135
2139
2167
2165
2163
2673
2657
2677
2690
2716
2800
2788
2801
2851
2853
2453
2461
2473
2501
2519
2517
2513
2515
2509
2499
2524
2526
2527
2526
2524
2490
2629
2595
2589
2577
3187
3186
3214
3198
3173
3147
3131
3094
3078
3076
3070
3060
3068
3096
3115
3114
3126
3116
3114
3113
3121
2511
2521
3131
3097
3109
3110
3108
3106
3087
3071
3070
3076
3092
3073
3077
3079
3078
3080
3060
3070
3064
3080
3055
3071
3108
3089
3105
3097
3096
3094
3093
3087
3095
3070
3050
3058
3074
3082
3081
3094
3090
3068
3056
3066
3676
3648
3666
3667
3784
4108
4317
4339
4351
4274
4278
4290
4302
4321
4281
4287
4286
4434
4477
4463
4449
4453
4463
4491
4485
4516
4518
4530
4505
4462
4581
4567
4585
4587
4593
4595
4589
4607
4656
4637
4656
4664
4670
5280
5890
5906
5910
5934
6020
6054
6044
6057
6053
6059
5659
5660
5670
5627
5626
5639
5629
5641
5639
5631
5630
5642
5654
5703
5705
5683
5689
5652
6052
6046
6072
6023
6005
6001
6017
6021
5621
5622
5616
5638
5637
5617
5597
5861
5853
5839
5843
5844
5860
5868
5917
5887
5962
5952
5946
5948
5968
5966
5991
5992
6004
5992
5943
5968
5964
5974
6023
6001
5989
6001
6009
6029
6033
6008
6010
5994
5996
5998
5988
6063
6053
6065
6028
5688
5670
5648
5635
5631
5619
5638
5619
5588
5616
5794
5808
5798
5761
5762
5776
5821
5421
5433
5432
5442
5423
5424
5426
5424
5024
5020
5008
5024
5026
5036
5035
5033
5419
5450
5428
5633
5657
5659
5643
5649
5657
5638
5595
5611
5611
5593
5577
5578
5596
5606
5600
5582
5581
5547
5516
5530
5548
5573
5657
5653
5663
5657
5645
5653
6053
6028
6040
6041
6069
6047
6063
6244
6236
6234
6250
6270
6288
6289
6275
6281
6267
6265
6257
6226
6207
6232
6216
6200
6198
6206
6208
6221
6213
6214
6592
6576
6568
6537
6852
6854
6842
6858
6860
6829
6849
6863
7170
7182
7178
7168
7158
7139
7117
7118
7140
7146
7115
7081
7059
7063
7067
7068
6668
6699
6733
6761
6747
6761
6763
6767
6773
6751
6733
6819
6829
6817
6863
6973
6573
6579
7189
7185
7173
7189
7183
7187
7197
7583
7658
7664
7670
7671
7690
8068
8052
8080
8105
8106
8716
8738
8769
8781
8441
8425
8456
8462
9072
9088
9133
9134
8734
8732
8757
8765
8759
8878
8888
8488
8482
8484
8518
8505
8504
8505
8507
8479
8461
8486
8640
8609
8608
8574
8592
8980
8986
8998
9012
9030
9032
9046
9040
9052
9068
9043
9018
9016
8979
9007
9407
9419
9400
9401
9779
9787
9783
9787
9768
9802
9808
10154
10153
10116
10144
10156
10142
10481
10473
10454
10446
10456
10448
10460
10474
10475
10474
10487
10486
10472
11082
11098
11097
11093
11089
11076
11686
11690
11692
11708
11826
11827
12437
12462
12448
12426
12451
12429
12421
12449
11839
11841
11829
11823
11839
11793
11792
11780
11762
12005
12007
12008
11996
11994
11996
12024
12023
12024
12040
12038
12026
12030
12022
12050
12049
12061
12417
12380
12379
12397
12381
12382
12376
12400
12402
12403
12402
12384
12383
12407
12405
12407
12429
12441
12433
12449
12475
12489
12488
12472
12474
12475
12459
12475
12463
12727
12727
12728
12726
12751
12747
12745
12727
12713
12721
12737
12751
12735
12737
12759
12735
12754
12794
13404
13694
13675
13697
13691
14153
14237
14227
14249
14243
14277
14887
14901
14900
14887
14886
14890
14898
14902
14868
14855
14833
14845
14811
14792
14447
14455
14454
14054
14056
14057
14011
14621
14627
14655
14654
14667
14692
14704
14692
14688
14696
14694
14693
14703
14713
14714
14730
14722
14710
14730
14777
14785
14811
14797
14781
15003
15017
15043
15031
15032
15642
15951
15939
15927
15972
16006
16005
15997
15995
15973
15975
15962
15352
15321
15309
15295
15297
15298
15382
15425
15394
15404
15418
15420
15454
15429
15398
15378
15362
15381
15400
15394
15393
14783
15021
15005
14989
14973
14981
15009
15017
15013
14988
14968
14952
14954
14929
14945
14944
14942
14941
14942
14955
14969
14963
14971
14975
14997
14999
15085
15111
15142
15164
15156
15146
15152
15396
15388
15345
15347
15346
15350
15381
15400
15385
15417
15413
15421
15423
15431
15437
15421
15423
15424
16034
15991
15995
15989
15988
15972
15970
15980
15986
15978
15978
15988
15987
15988
16004
16023
16027
16033
16021
16037
16647
16635
16641
16645
16653
16625
16613
16614
16595
16587
16599
16601
16585
16593
16595
16615
16597
16603
16611
16613
16623
16592
16610
16598
16570
16550
16540
16553
17163
17188
17164
17180
17164
17148
17147
17131
17137
17153
17167
17159
17158
17164
17189
17185
17183
17184
