0
-514
-513
-464
-466
-467
-188
-307
-220
-218
-378
-379
-336
-358
-372
-247
-246
-307
-225
-86
-82
-83
-89
-117
-4
-51
-57
-193
-192
-278
-274
-106
-506
-451
-443
-444
-525
-381
-380
-292
35
337
339
255
180
178
179
269
357
356
446
448
452
448
683
681
630
611
612
1012
1010
874
872
859
653
675
792
780
893
983
981
980
863
1128
1011
1102
1019
1035
1033
1031
784
786
790
706
707
608
600
634
549
364
177
132
50
42
-176
-192
-69
-70
107
85
-33
-27
-21
-107
-360
-368
-485
-516
-514
-515
-514
-510
-560
-582
-581
-587
-583
-591
-590
-588
-572
-573
-487
-657
-704
-705
-627
-570
-619
-633
-708
-579
-386
-431
-433
-434
-430
-408
-146
-138
44
40
38
40
105
224
142
130
-118
-177
-181
-179
-385
-301
-285
-332
-240
-468
-456
-443
-442
-395
-397
-398
-312
-393
-389
-355
-354
-394
-550
-563
-651
-655
-534
-392
-388
-478
-497
-485
-352
-356
-358
-362
-350
-358
-660
-781
-781
-566
-579
-598
-523
-613
-813
-1014
-930
-931
-927
-1183
-783
-779
-778
-1025
-1024
-947
-1083
-1079
-1001
-1020
-1036
-1092
-857
-855
-775
-649
-1049
-1051
-1208
-1204
-1530
-1376
-1374
-1284
-1283
-1267
-1248
-1250
-1250
-1248
-1244
-1332
-1331
-1419
-1407
-1210
-1285
-1304
-1223
-971
-850
-842
-832
-705
-982
-994
-993
-997
-880
-881
-880
-881
-883
-875
-1485
-1497
-1503
-1347
-1353
-1400
-1490
-1349
-1365
-1387
-1365
-1419
-1418
-1419
-1417
-1463
-1463
-1467
-1328
-1332
-1242
-1244
-1011
-1142
-1141
-1092
-1012
-920
-845
-861
-945
-990
-751
-706
-998
-1463
-1485
-1486
-1490
-1245
-1244
-1240
-999
-986
-992
-970
-886
-835
-718
-702
-895
-893
-892
-867
-865
-877
-927
-1022
-1024
-1036
-1222
-1254
-1176
-1177
-1405
-1430
-1887
-1973
-1951
-1955
-1954
-2247
-2159
-2178
-2272
-2273
-2137
-2437
-2433
-2417
-2401
-2402
-2245
-2246
-2293
-2086
-2084
-2331
-1997
-2001
-2455
-2456
-2499
-2577
-2576
-2586
-2502
-2210
-2028
-1883
-1642
-1654
-1796
-1800
-1607
-1854
-1852
-1768
-1649
-1568
-958
-711
-788
-786
-785
-804
-625
-631
-630
-643
-642
-768
-503
-519
-708
-710
-726
-724
-720
-767
-899
-980
-800
-794
-800
-806
-753
-754
-760
-758
-850
-854
-779
-692
-893
-905
-658
-800
-976
-974
-849
-850
-931
-927
-926
-930
-943
-935
-1201
-1201
-1214
-1215
-1217
-1218
-1214
-1227
-845
-826
-994
-995
-910
-911
-909
-961
-960
-938
-937
-935
-816
-828
-777
-769
-694
-688
-694
-684
-896
-1044
-1025
-863
-865
-807
-806
-807
-936
-937
-939
-939
-637
-652
-566
-588
-471
-619
-719
-717
-802
-995
-1085
-1042
-1036
-1184
-1656
-1690
-1689
-1449
-1437
-1558
-1635
-1151
-889
-901
-891
-749
-402
-449
-599
-589
-583
-499
-501
-515
-458
-288
-751
-405
-308
-309
-225
-237
-192
-182
-96
-118
158
174
172
171
91
173
259
228
229
231
376
464
466
866
669
577
489
485
483
482
284
278
233
233
243
510
652
658
615
812
443
310
314
267
268
260
179
178
179
151
347
335
349
435
358
390
347
436
434
434
203
215
216
86
-245
-243
-165
-166
-164
-165
-157
-200
-247
-245
-253
-251
-476
-306
274
581
494
516
510
516
793
799
920
919
920
939
937
892
1154
1066
1078
1080
1121
1155
1384
1368
1417
1335
1333
1308
1314
1313
1314
1369
1094
996
998
1004
1090
1043
795
799
590
507
508
520
473
294
295
294
295
294
541
510
380
158
246
158
156
164
176
189
111
113
-171
-85
-84
-65
-67
-69
277
279
197
199
80
35
-113
-85
-482
-478
-820
-824
-816
-817
-816
-814
-813
-807
-1086
-1133
-1114
-1095
-1083
-1114
-1026
-1028
-628
-629
-759
-605
-734
-721
-875
-876
-401
-402
-318
-320
-316
-224
-258
-336
-320
-275
-408
-422
-338
-342
-291
-133
-14
-15
-45
140
141
18
-162
-178
347
349
801
1107
1073
1045
1049
1102
1096
1047
1049
1045
1002
1014
773
777
781
759
397
407
405
403
487
500
743
741
926
1018
1096
1121
1122
1261
1397
1421
1415
1370
1364
1372
1255
1103
973
1029
1412
1408
1406
1359
1363
1449
1461
1414
1410
1409
1366
1368
1366
1174
816
658
670
582
580
579
423
451
402
494
765
753
675
683
855
857
858
854
866
1119
1120
1119
1164
1170
1040
1262
1184
1196
838
635
660
521
443
580
594
593
594
593
603
720
739
729
733
723
538
525
526
532
717
721
722
747
831
853
851
939
941
706
853
825
826
869
959
946
944
932
577
628
761
849
859
861
1047
1128
1270
1268
1135
1141
1066
912
957
908
909
913
914
1096
1096
1320
1459
1437
989
1227
1228
1308
1073
1054
1193
1199
1200
1069
1071
1059
521
517
518
391
516
604
797
1100
1096
1264
1397
1384
1716
1801
1795
2023
1978
1992
1993
2040
2244
2240
2241
2275
2273
2259
2260
2337
2491
2397
2401
2411
2413
2493
2509
2511
2354
1966
1976
1972
2271
2270
2276
2272
2266
2247
2249
2245
2261
2260
2459
2458
2460
2507
2509
2424
2426
2376
2374
2561
2678
2672
2670
2941
2735
2959
2774
2796
2794
2781
3327
3280
3091
3093
3091
3085
2601
2605
2618
2698
2700
2750
2834
2800
2798
2751
2896
2895
2984
2983
2981
2975
3125
3097
3469
3465
3418
3417
3374
3073
2670
2761
2767
2773
2779
2577
2585
2573
2787
2791
2804
2806
3305
3318
3331
3415
3419
3233
3231
3223
3224
3199
3212
3165
3466
3378
3372
3370
3049
3048
3229
3239
2881
2873
3087
3003
3001
3089
3093
3081
3100
3090
3068
3067
3065
2977
2990
3035
3224
3240
3547
3555
3815
