0
-12
72
64
-17
-18
7
6
-76
249
403
522
530
479
480
476
568
567
568
567
756
762
918
899
942
954
713
721
908
916
1003
1093
1094
1362
1043
901
985
1271
1277
1265
1261
1179
950
1040
1161
1145
1234
1151
1145
1233
1563
1541
1539
1538
1539
1541
1309
1550
1551
1547
1523
1536
1622
1628
1632
1630
1617
1379
1380
1379
1398
1402
1403
1555
1692
1686
1777
1776
1788
1790
1926
1939
1940
1936
1934
2313
2264
2189
2484
2566
2555
2604
2376
2380
2182
2188
2052
2051
1971
1979
2063
2079
2229
2231
1774
1626
1817
2119
2120
2032
2036
2035
2122
2110
2025
1903
1856
1811
1481
1469
1315
1365
1638
1660
1670
1719
1723
1633
1440
1239
1062
1007
1008
866
868
921
790
774
588
569
553
600
680
766
905
862
843
841
761
1002
927
744
946
945
622
621
441
310
308
271
591
681
591
275
367
348
434
433
639
633
754
663
669
657
658
648
658
677
678
677
816
766
779
593
476
468
949
895
1028
983
984
994
1316
1315
905
904
905
982
968
956
715
703
582
533
291
204
208
115
116
104
326
336
197
389
361
408
573
669
583
593
597
593
605
583
581
568
643
653
571
563
337
341
342
344
166
165
83
82
228
141
137
139
94
175
176
174
190
192
348
338
336
326
249
255
181
180
442
464
454
467
479
478
386
385
157
171
255
77
477
476
656
664
662
696
1096
1095
1093
1079
1268
1410
1720
1739
1821
1840
1844
1838
1740
1727
1844
1795
1789
1773
1771
1781
1979
1854
1855
1851
1852
1725
1858
2024
2022
2014
2001
1808
1724
1699
1561
1560
1562
1505
1486
1506
1816
1695
1693
1748
1695
1705
1948
1754
1875
1871
1872
1871
1642
1630
1710
1905
1830
1822
1910
1448
1363
1365
1285
1279
1499
1483
1242
1199
1215
1303
1319
1321
1325
1415
1407
1395
1685
1681
1564
1568
1429
1211
1209
1211
1213
1120
1066
1113
1258
1257
1032
1040
1041
1043
1227
1229
1182
995
989
1115
1127
1082
604
603
634
633
655
653
1151
1139
1140
1139
1293
1301
1307
1100
1053
893
901
887
888
1056
1057
1049
1051
1050
1058
1064
1177
1176
1258
1017
1015
1013
1106
1242
807
722
638
637
650
660
585
671
672
817
735
737
718
857
855
865
1106
914
939
949
947
849
769
768
583
571
798
797
811
817
538
557
307
256
201
213
211
189
187
185
260
259
343
-63
132
130
124
123
124
77
126
125
209
208
212
214
208
200
81
79
80
79
80
127
121
120
132
134
221
-67
-116
-161
24
-277
-575
-559
-561
-562
-564
-745
-743
-786
-872
-1101
-1100
-1102
-1100
-1101
-978
-982
-970
-971
-970
-921
-917
-911
-910
-686
-817
-813
-791
-828
-820
-792
-779
-771
-846
-793
-874
-1001
-999
-954
-952
-954
-1137
-1138
-1352
-1268
-1102
-1116
-1314
-1316
-1569
-1647
-1315
-1227
-1354
-1399
-1689
-1664
-1752
-1768
-1758
-1707
-1703
-1093
-1092
-1096
-979
-934
-848
-814
-812
-824
-820
-821
-805
-806
-805
-786
-667
-794
-745
-714
-689
-701
-776
-777
-1059
-1060
-867
-1063
-1643
-1631
-1674
-1652
-1695
-1696
-1684
-1838
-1696
-1697
-1235
-1204
-1188
-947
-1173
-1174
-1170
-1151
-1150
-824
-599
-605
-283
-197
-196
-389
-307
-220
18
192
802
804
802
790
598
785
789
986
987
962
1245
1273
1275
1274
1270
1295
1296
1295
1381
1379
1371
1326
1327
1415
1413
1411
1398
1346
989
955
1043
1039
1298
1208
1387
1291
1289
1302
1294
1272
1273
1631
1644
1546
1550
1549
1361
1453
1454
1282
1280
1286
1436
1435
1352
1340
1920
2190
2159
2290
2550
2563
2756
2668
2674
2465
2463
2467
2471
2452
2453
2452
2266
2248
2369
2363
2365
2367
2368
2318
2361
2336
2337
2356
2756
2544
2560
2437
2343
2426
2562
2570
2687
2673
2663
2669
2682
2678
2679
2630
2643
2559
1949
1951
1870
1775
1787
1809
1725
1721
1594
1946
1763
1627
1774
1773
1774
1770
1764
1763
1844
1938
2224
2230
2034
2086
2084
1898
1892
1837
2113
2076
2431
2423
2183
2191
2144
2112
2008
2027
2031
2043
2160
2248
2363
2341
2342
2344
2612
2611
2796
2795
2947
2966
2921
2923
2923
2925
2906
2902
3115
3205
3203
3213
3232
3231
3315
3129
2842
2539
2784
2788
2835
2834
2838
2837
2838
3184
2996
2971
2996
2998
3208
3210
3342
3289
3291
2909
2999
2947
2948
3280
3530
3526
3530
3536
3439
3438
3287
3265
3382
3360
3235
3234
3154
3070
2990
2906
2912
2910
2908
2907
2908
2907
2921
2927
3159
3181
3134
3142
2910
2898
2896
3167
3165
3175
3036
3034
3035
3039
3084
3086
3041
3094
3095
3094
3106
3119
3117
3121
3122
3118
3067
3066
3331
3343
3061
2718
2730
2729
2742
2664
2609
2613
2568
2772
2630
2485
2259
2247
2253
2216
2217
2371
2359
2355
2205
2114
2208
2214
2511
2245
2381
2079
2624
2850
2768
2713
2670
2625
2301
2254
2297
2250
1868
1846
1727
1727
1949
2133
2149
2106
2155
2061
2036
2157
2158
2152
2240
2238
2646
2634
3182
3192
2916
2915
2990
2994
2768
2760
2764
2766
2633
2549
2488
2673
2685
2638
2479
2436
2154
2104
2112
2100
2143
2121
1535
1790
1675
1667
1509
1511
1498
1547
1563
1567
1733
1679
1988
1982
1855
1955
2109
2103
2242
2254
2256
2234
2226
2222
2223
2222
2269
2349
2398
2240
2107
1977
1978
1977
2059
2057
2141
2125
2209
2287
2472
2640
2632
2984
2986
2967
2968
2923
2924
2928
3067
3073
3060
3060
3061
3138
3547
3500
3378
3378
3663
3614
3428
3430
3598
3586
3587
3431
3246
3240
3153
3023
3039
